0.3957 2 1 4 3
0.7013 2 1 3 2
0.8051 2 2 2 4
0.8565 2 2 4 3
0.9347 1 1 2 3
1.0889 2 2 3 4
1.1895 2 3 4 3
1.3587 1 3 3 4
1.4609 2 4 3 4
1.7861 2 5 4 3
1.8307 2 5 3 4
1.8931 1 4 4 3
1.9565 2 6 4 2
2.0723 1 6 3 2
2.4759 2 3 2 4
2.5933 2 7 4 3
2.8055 2 7 3 4
2.9025 2 8 4 3
3.4367 2 8 3 4
3.5671 2 9 4 3
3.5955 1 4 2 3
3.7075 2 9 3 4
3.7625 2 10 4 3
3.9955 1 10 3 4
4.2413 1 11 4 3
4.4067 1 12 3 4
4.5513 2 11 3 4
4.6157 1 12 4 3
4.7159 2 13 4 3
4.7633 1 13 3 4
4.8537 1 14 4 3
5.1441 2 14 3 2
5.3347 2 5 2 3
5.8855 2 16 3 4
6.0355 2 15 4 3
6.3365 2 17 3 4
6.5013 2 16 4 3
6.5055 1 15 3 4
6.6971 2 18 3 2
6.7533 1 17 4 3
7.1275 2 6 2 3
7.3333 1 19 3 4
7.4387 1 18 4 2
7.5335 2 20 3 2
7.5445 1 7 2 3
7.6625 1 21 3 2
7.7443 1 9 2 3
8.0857 1 22 3 2
8.0869 2 8 2 4
8.3395 2 19 4 2
8.4323 1 10 2 4
8.5379 1 20 4 3
8.6035 1 23 3 2
8.6113 2 11 2 3
8.9195 1 12 2 3
9.1695 2 24 3 2
9.1737 1 25 3 4
9.2099 2 13 2 4
9.3127 1 21 4 2
9.4213 1 14 2 3
9.4371 2 22 4 3
9.9395 1 26 3 4
10.0243 2 27 3 4
10.2049 1 23 4 3
10.2371 2 24 4 3
10.4433 2 29 3 4
10.6995 1 28 3 2
10.8419 1 15 2 4
10.9395 2 25 4 3
11.0371 2 30 3 2
11.0403 1 26 4 3
11.1727 2 16 2 3
